1.(3,0,1)(mcq)
2.(3,0,1)(mcq)
3.(3,0,1)(mcq)
4.(3,0,1)(mcq)
5.(3,0,1)(mcq)
6.(3,0,1)(mcq)
7.(3,0,1)(mcq)
8.(3,0,1)(mcq)
9.(3,0,1)(mcq)
10.(3,0,1)(mcq)
11.(3,0,1)(mcq)
12.(3,0,1)(mcq)
13.(3,0,1)(mcq)
14.(3,0,1)(mcq)
15.(3,0,1)(mcq)
16.(3,0,1)(mcq)
17.(3,0,1)(mcq)
18.(3,0,1)(mcq)
19.(3,0,1)(mcq)
20.(3,0,1)(mcq)
21.(3,0,1)(mcq)
22.(3,0,1)(mcq)
23.(3,0,1)(mcq)
24.(3,0,1)(mcq)
25.(3,0,1)(mcq)
26.(3,0,1)(mcq)
27.(3,0,1)(mcq)
28.(3,0,1)(mcq)
29.(3,0,1)(mcq)
30.(3,0,1)(mcq)
31.(3,0,1)(mcq)
32.(3,0,1)(mcq)
33.(3,0,1)(mcq)
34.(3,0,1)(mcq)
35.(3,0,1)(mcq)
36.(3,0,1)(mcq)
37.(3,0,1)(mcq)
38.(3,0,1)(mcq)
39.(3,0,1)(mcq)
40.(3,0,1)(mcq)
41.(3,0,1)(mcq)
42.(3,0,1)(mcq)
43.(3,0,1)(mcq)
44.(3,0,1)(mcq)
45.(3,0,1)(mcq)
46.(3,0,1)(mcq)
47.(3,0,1)(mcq)
48.(3,0,1)(mcq)
49.(3,0,1)(mcq)
50.(3,0,1)(mcq)
51.(3,0,1)(mcq)
52.(3,0,1)(mcq)
53.(3,0,1)(mcq)
54.(3,0,1)(mcq)
55.(3,0,1)(mcq)
56.(3,0,1)(mcq)
57.(3,0,1)(mcq)
58.(3,0,1)(mcq)
59.(3,0,1)(mcq)
60.(3,0,1)(mcq)
61.(3,0,1)(mcq)
62.(3,0,1)(mcq)
63.(3,0,1)(mcq)
64.(3,0,1)(mcq)
65.(3,0,1)(mcq)
66.(3,0,1)(mcq)
67.(3,0,1)(mcq)
68.(3,0,1)(mcq)
69.(3,0,1)(mcq)
70.(3,0,1)(mcq)
71.(3,0,1)(mcq)
72.(3,0,1)(mcq)
73.(3,0,1)(mcq)
74.(3,0,1)(mcq)
75.(3,0,1)(mcq)
76.(3,0,1)(mcq)
77.(3,0,1)(mcq)
78.(3,0,1)(mcq)
79.(3,0,1)(mcq)
80.(3,0,1)(mcq)
81.(3,0,1)(mcq)
82.(3,0,1)(mcq)
83.(3,0,1)(mcq)
84.(3,0,1)(mcq)
85.(3,0,1)(mcq)
86.(3,0,1)(mcq)
87.(3,0,1)(mcq)
88.(3,0,1)(mcq)
89.(3,0,1)(mcq)
90.(3,0,1)(mcq)
91.(1.5,0,0.5)(mcq)
92.(1.5,0,0.5)(mcq)
93.(1.5,0,0.5)(mcq)
94.(1.5,0,0.5)(mcq)
95.(1.5,0,0.5)(mcq)
96.(1.5,0,0.5)(mcq)
97.(1.5,0,0.5)(mcq)
98.(1.5,0,0.5)(mcq)
99.(1.5,0,0.5)(mcq)
100.(1.5,0,0.5)(mcq)
101.(1.5,0,0.5)(mcq)
102.(1.5,0,0.5)(mcq)
103.(1.5,0,0.5)(mcq)
104.(1.5,0,0.5)(mcq)
105.(1.5,0,0.5)(mcq)
106.(1.5,0,0.5)(mcq)
107.(1.5,0,0.5)(mcq)
108.(1.5,0,0.5)(mcq)
109.(1.5,0,0.5)(mcq)
110.(1.5,0,0.5)(mcq)
