1.(4,0,1)(mcq)
2.(4,0,1)(mcq)
3.(4,0,1)(mcq)
4.(4,0,1)(mcq)
5.(4,0,1)(mcq)
6.(4,0,1)(mcq)
7.(4,0,1)(mcq)
8.(4,0,1)(mcq)
9.(4,0,1)(mcq)
10.(4,0,1)(mcq)
11.(4,0,1)(mcq)
12.(4,0,1)(mcq)
13.(4,0,1)(mcq)
14.(4,0,1)(mcq)
15.(4,0,1)(mcq)
16.(4,0,1)(mcq)
17.(4,0,1)(mcq)
18.(4,0,1)(mcq)
19.(4,0,1)(mcq)
20.(4,0,1)(mcq)
21.(4,0,0)(5/10)(int)
22.(4,0,0)(5/10)(int)
23.(4,0,0)(5/10)(int)
24.(4,0,0)(5/10)(int)
25.(4,0,0)(5/10)(int)
26.(4,0,0)(5/10)(int)
27.(4,0,0)(5/10)(int)
28.(4,0,0)(5/10)(int)
29.(4,0,0)(5/10)(int)
30.(4,0,0)(5/10)(int)
31.(4,0,1)(mcq)
32.(4,0,1)(mcq)
33.(4,0,1)(mcq)
34.(4,0,1)(mcq)
35.(4,0,1)(mcq)
36.(4,0,1)(mcq)
37.(4,0,1)(mcq)
38.(4,0,1)(mcq)
39.(4,0,1)(mcq)
40.(4,0,1)(mcq)
41.(4,0,1)(mcq)
42.(4,0,1)(mcq)
43.(4,0,1)(mcq)
44.(4,0,1)(mcq)
45.(4,0,1)(mcq)
46.(4,0,1)(mcq)
47.(4,0,1)(mcq)
48.(4,0,1)(mcq)
49.(4,0,1)(mcq)
50.(4,0,1)(mcq)
51.(4,0,0)(5/10)(int)
52.(4,0,0)(5/10)(int)
53.(4,0,0)(5/10)(int)
54.(4,0,0)(5/10)(int)
55.(4,0,0)(5/10)(int)
56.(4,0,0)(5/10)(int)
57.(4,0,0)(5/10)(int)
58.(4,0,0)(5/10)(int)
59.(4,0,0)(5/10)(int)
60.(4,0,0)(5/10)(int)
61.(4,0,1)(mcq)
62.(4,0,1)(mcq)
63.(4,0,1)(mcq)
64.(4,0,1)(mcq)
65.(4,0,1)(mcq)
66.(4,0,1)(mcq)
67.(4,0,1)(mcq)
68.(4,0,1)(mcq)
69.(4,0,1)(mcq)
70.(4,0,1)(mcq)
71.(4,0,1)(mcq)
72.(4,0,1)(mcq)
73.(4,0,1)(mcq)
74.(4,0,1)(mcq)
75.(4,0,1)(mcq)
76.(4,0,1)(mcq)
77.(4,0,1)(mcq)
78.(4,0,1)(mcq)
79.(4,0,1)(mcq)
80.(4,0,1)(mcq)
81.(4,0,0)(5/10)(int)
82.(4,0,0)(5/10)(int)
83.(4,0,0)(5/10)(int)
84.(4,0,0)(5/10)(int)
85.(4,0,0)(5/10)(int)
86.(4,0,0)(5/10)(int)
87.(4,0,0)(5/10)(int)
88.(4,0,0)(5/10)(int)
89.(4,0,0)(5/10)(int)
90.(4,0,0)(5/10)(int)
