1.(2,0,0)(mcq)
2.(2,0,0)(mcq)
3.(2,0,0)(mcq)
4.(2,0,0)(mcq)
5.(2,0,0)(mcq)
6.(2,0,0)(mcq)
7.(2,0,0)(mcq)
8.(2,0,0)(mcq)
9.(2,0,0)(mcq)
10.(2,0,0)(mcq)
11.(2,0,0)(mcq)
12.(2,0,0)(mcq)
13.(2,0,0)(mcq)
14.(2,0,0)(mcq)
15.(2,0,0)(mcq)
16.(2,0,0)(mcq)
17.(2,0,0)(mcq)
18.(2,0,0)(mcq)
19.(2,0,0)(mcq)
20.(2,0,0)(mcq)
21.(2,0,0)(mcq)
22.(2,0,0)(mcq)
23.(2,0,0)(mcq)
24.(2,0,0)(mcq)
25.(2,0,0)(mcq)
26.(2,0,0)(mcq)
27.(2,0,0)(mcq)
28.(2,0,0)(mcq)
29.(2,0,0)(mcq)
30.(2,0,0)(mcq)
31.(2,0,0)(mcq)
32.(2,0,0)(mcq)
33.(2,0,0)(mcq)
34.(2,0,0)(mcq)
35.(2,0,0)(mcq)
36.(2,0,0)(mcq)
37.(2,0,0)(mcq)
38.(2,0,0)(mcq)
39.(2,0,0)(mcq)
40.(2,0,0)(mcq)
41.(2,0,0)(mcq)
42.(2,0,0)(mcq)
43.(2,0,0)(mcq)
44.(2,0,0)(mcq)
45.(2,0,0)(mcq)
46.(2,0,0)(mcq)
47.(2,0,0)(mcq)
48.(2,0,0)(mcq)
49.(2,0,0)(mcq)
50.(2,0,0)(mcq)
