1.(2,0,0)(mcq)
2.(2,0,0)(mcq)
3.(2,0,0)(mcq)
4.(2,0,0)(mcq)
5.(2,0,0)(mcq)
6.(2,0,0)(mcq)
7.(2,0,0)(mcq)
8.(2,0,0)(mcq)
9.(2,0,0)(mcq)
10.(2,0,0)(mcq)
11.(2,0,0)(mcq)
12.(2,0,0)(mcq)
13.(2,0,0)(mcq)
14.(2,0,0)(mcq)
15.(2,0,0)(mcq)
16.(2,0,0)(mcq)
17.(2,0,0)(mcq)
18.(2,0,0)(mcq)
19.(2,0,0)(mcq)
20.(2,0,0)(mcq)
21.(2,0,0)(mcq)
22.(2,0,0)(mcq)
23.(2,0,0)(mcq)
24.(2,0,0)(mcq)
25.(2,0,0)(mcq)
26.(2,0,0)(mcq)
27.(2,0,0)(mcq)
28.(2,0,0)(mcq)
29.(2,0,0)(mcq)
30.(2,0,0)(mcq)
31.(2,0,0)(mcq)
32.(2,0,0)(mcq)
33.(2,0,0)(mcq)
34.(2,0,0)(mcq)
35.(2,0,0)(mcq)
36.(2,0,0)(mcq)
37.(2,0,0)(mcq)
38.(2,0,0)(mcq)
39.(2,0,0)(mcq)
40.(2,0,0)(mcq)
41.(2,0,0)(mcq)
42.(2,0,0)(mcq)
43.(2,0,0)(mcq)
44.(2,0,0)(mcq)
45.(2,0,0)(mcq)
46.(2,0,0)(mcq)
47.(2,0,0)(mcq)
48.(2,0,0)(mcq)
49.(2,0,0)(mcq)
50.(2,0,0)(mcq)
51.(2,0,0)(mcq)
52.(2,0,0)(mcq)
53.(2,0,0)(mcq)
54.(2,0,0)(mcq)
55.(2,0,0)(mcq)
56.(2,0,0)(mcq)
57.(2,0,0)(mcq)
58.(2,0,0)(mcq)
59.(2,0,0)(mcq)
60.(2,0,0)(mcq)
61.(2,0,0)(mcq)
62.(2,0,0)(mcq)
63.(2,0,0)(mcq)
64.(2,0,0)(mcq)
65.(2,0,0)(mcq)
66.(2,0,0)(mcq)
67.(2,0,0)(mcq)
68.(2,0,0)(mcq)
69.(2,0,0)(mcq)
70.(2,0,0)(mcq)
71.(2,0,0)(mcq)
72.(2,0,0)(mcq)
73.(2,0,0)(mcq)
74.(2,0,0)(mcq)
75.(2,0,0)(mcq)
76.(2,0,0)(mcq)
77.(2,0,0)(mcq)
78.(2,0,0)(mcq)
79.(2,0,0)(mcq)
80.(2,0,0)(mcq)
81.(2,0,0)(mcq)
82.(2,0,0)(mcq)
83.(2,0,0)(mcq)
84.(2,0,0)(mcq)
85.(2,0,0)(mcq)
86.(2,0,0)(mcq)
87.(2,0,0)(mcq)
88.(2,0,0)(mcq)
89.(2,0,0)(mcq)
90.(2,0,0)(mcq)
91.(2,0,0)(mcq)
92.(2,0,0)(mcq)
93.(2,0,0)(mcq)
94.(2,0,0)(mcq)
95.(2,0,0)(mcq)
96.(2,0,0)(mcq)
97.(2,0,0)(mcq)
98.(2,0,0)(mcq)
99.(2,0,0)(mcq)
100.(2,0,0)(mcq)
